113 138 165
110 137 163
108 137 165
107 136 164
106 135 164
116 138 163
121 142 164
124 141 163
130 142 162
134 145 162
137 146 162
140 146 158
141 147 161
146 149 161
154 152 157
155 154 161
164 154 157
163 156 160
179 156 154
183 161 155
187 161 156
190 161 154
196 164 155
199 166 154
193 162 154
188 159 153
185 157 150
186 158 152
172 154 154
163 150 154
155 148 156
158 145 148
147 142 153
166 148 149
168 151 152
174 152 150
177 153 150
164 146 147
164 147 148
162 145 146
170 149 148
169 147 147
170 148 147
165 147 148
173 150 148
170 149 146
176 151 149
166 146 146
164 143 145
161 142 145
158 142 145
156 140 142
155 141 148
154 139 145
150 138 146
152 139 144
149 139 149
147 139 149
146 137 140
139 136 149
132 133 150
123 132 154
116 125 142
116 130 155
107 126 154
131 131 140
103 122 148
139 140 154
130 134 153
181 154 151
172 152 148
132 138 156
99 124 156
93 120 154
91 117 150
86 116 153
86 115 152
84 114 151
85 115 152
86 117 154
87 117 154
89 118 153
88 119 155
90 121 156
90 119 155
90 121 157
92 122 157
92 123 158
93 124 158
94 125 159
95 126 160
96 127 160
97 128 161
98 127 160
98 128 161
99 129 162
108 133 162
138 141 162
148 147 157
181 150 137
170 147 140
164 145 141
163 141 137
146 134 140
119 131 137
100 130 162
105 134 164
114 134 161
150 144 171
134 130 137
156 142 145
121 135 153
139 132 139
151 152 161
182 156 150
153 137 143
153 140 144
94 113 136
125 146 164
134 126 131
100 127 160
198 154 133
166 136 120
149 135 141
103 132 161
161 144 146
110 138 165
114 141 165
139 149 162
102 130 162
117 142 165
171 167 160
103 133 164
103 132 163
106 130 153
152 135 132
131 147 163
148 125 117
169 123 101
108 130 157
133 108 100
121 106 100
116 93 84
92 99 103
146 111 97
105 90 84
89 90 85
89 75 68
85 71 55
119 120 119
106 121 135
104 133 163
74 77 71
73 71 54
90 86 71
104 106 102
135 117 104
135 123 118
66 65 66
104 101 87
150 107 86
135 104 71
122 120 84
121 117 103
134 105 86
106 113 110
107 117 120
119 103 88
136 118 73
68 67 34
119 117 74
150 121 103
61 59 42
119 103 71
152 119 71
104 88 71
106 103 69
139 100 51
58 58 51
100 84 59
108 91 60
135 120 86
121 145 165
45 68 28
100 77 68
151 118 56
52 55 42
58 76 43
68 71 43
92 83 51
76 68 34
121 101 55
108 91 51
102 89 57
138 117 54
156 115 51
142 152 161
52 51 35
68 59 43
60 67 35
52 59 35
84 75 43
76 76 42
124 99 43
115 91 51
140 107 51
133 145 156
49 46 30
45 43 33
76 67 43
123 92 51
100 83 51
91 76 51
122 114 51
135 104 58
105 73 56
45 54 35
78 69 30
92 83 43
132 99 43
51 45 34
66 62 29
60 60 29
70 61 29
115 91 28
155 107 44
155 115 43
147 108 51
84 83 43
59 52 35
50 50 25
132 107 43
123 92 43
68 59 35
84 75 35
107 83 28
139 100 36
39 53 22
75 84 53
45 51 27
108 90 35
83 68 35
58 57 25
61 54 25
100 83 28
131 92 35
44 58 28
46 49 21
57 71 37
60 59 35
70 65 29
57 54 25
116 91 43
91 75 35
51 52 28
89 74 30
100 83 35
100 83 43
53 58 27
53 58 19
53 50 34
74 69 28
49 45 25
91 100 79
31 49 20
62 61 26
50 53 20
42 45 21
37 44 26
34 37 17
36 43 19
53 50 25
50 49 21
54 53 25
81 69 26
76 74 28
155 108 51
37 37 25
29 34 20
77 66 25
46 46 21
62 57 18
70 61 22
82 69 29
92 82 35
75 59 51
30 41 22
46 45 29
61 66 28
42 45 17
44 51 19
27 29 18
73 65 29
58 57 22
65 58 22
53 50 21
70 65 26
108 91 43
42 41 26
35 43 12
22 26 17
49 46 21
84 61 52
91 67 51
38 41 13
26 30 10
46 45 17
78 69 26
77 65 29
89 88 55
100 91 43
67 46 37
66 58 25
54 53 21
42 42 21
91 76 43
116 98 35
71 57 51
59 60 19
46 49 18
52 59 13
57 50 25
62 58 25
85 69 29
28 39 10
44 50 12
33 34 13
21 27 10
38 41 17
74 62 29
104 100 58
61 51 42
44 44 26
34 37 13
76 75 35
115 84 35
92 75 27
36 35 19
30 33 13
30 34 10
139 100 43
139 107 36
107 84 43
19 21 10
28 35 11
107 84 35
99 76 35
124 99 35
123 91 28
81 66 25
68 61 18
92 75 21
92 83 19
84 82 36
100 90 36
14 19 7
74 65 22
99 84 20
108 91 28
92 82 28
116 91 35
151 120 86
167 120 86
27 28 11
58 46 35
107 98 40
45 42 29
69 61 25
132 99 51
109 114 77
41 38 17
41 41 14
107 84 51
151 131 122
42 45 14
69 58 29
56 43 39
35 30 18
134 91 80
38 38 17
118 89 59
42 38 26
45 42 21
37 38 14
176 138 108
66 57 29
84 67 43
69 74 35
123 91 36
200 137 84
74 65 26
99 76 43
183 137 85
85 66 25
66 61 25
99 76 51
169 133 73
42 41 17
77 62 25
99 75 27
151 136 101
75 60 35
77 62 29
57 50 21
152 135 87
65 54 25
119 138 150
183 121 85
167 134 55
167 136 86
93 69 25
30 30 13
184 134 73
147 115 43
147 108 43
15 15 8
92 98 56
179 124 68
132 107 36
153 131 75
195 132 75
168 120 70
115 83 51
85 66 29
69 58 25
59 46 27
155 142 145
199 122 84
196 139 75
84 75 28
60 51 28
81 66 29
52 44 27
53 46 21
76 58 28
168 119 55
187 132 68
183 134 42
185 133 57
51 38 20
67 53 43
107 76 35
115 84 43
67 53 28
138 132 134
91 68 35
82 65 22
100 68 50
119 102 41
77 65 22
91 68 29
49 46 18
81 62 18
81 58 21
119 144 163
167 119 41
61 54 21
58 53 21
69 54 21
83 61 35
86 65 21
78 61 18
203 140 75
137 115 26
167 135 40
151 119 38
73 62 25
61 50 21
78 61 21
118 144 165
131 100 28
152 118 26
140 115 43
136 116 38
90 69 25
57 50 18
53 46 18
66 61 22
81 62 25
124 99 28
131 107 28
74 54 43
53 30 19
85 69 26
84 68 20
75 59 14
178 150 70
120 102 22
116 98 28
108 75 51
69 58 22
58 53 18
137 132 121
105 100 23
62 57 22
89 66 25
81 62 21
90 69 22
147 132 51
107 92 20
140 123 43
83 61 43
70 57 18
73 61 22
76 68 19
65 57 18
61 53 18
74 57 18
77 58 18
210 148 104
183 154 100
196 139 68
100 90 27
84 75 20
173 147 43
151 133 42
99 68 35
74 53 35
73 58 25
50 49 17
53 50 14
54 53 18
89 66 22
93 70 22
202 147 73
210 148 41
147 100 43
45 45 14
85 62 22
215 167 102
89 84 14
147 107 36
131 99 36
92 67 43
67 59 13
92 67 19
119 89 69
178 135 19
115 83 28
67 53 35
45 42 17
170 107 83
231 137 85
155 131 27
53 50 18
74 61 18
68 67 12
49 46 14
50 49 14
51 52 12
70 53 18
67 51 14
74 57 21
100 90 19
168 117 23
137 103 23
84 82 27
52 42 20
75 68 14
65 54 21
38 41 10
41 38 14
58 45 14
62 49 14
73 54 18
135 90 69
103 87 14
107 75 44
68 67 20
49 42 17
66 53 18
51 43 10
50 41 14
58 43 12
150 92 68
118 77 66
116 91 21
76 74 20
53 55 7
45 42 14
43 37 19
55 40 8
67 50 21
124 83 59
37 34 14
60 59 12
76 74 13
67 67 28
121 133 112
75 52 13
76 52 19
154 141 145
41 42 10
83 52 13
91 61 27
140 107 43
59 52 13
99 75 21
61 46 14
84 59 18
44 44 10
77 58 21
152 104 70
83 76 14
39 42 7
37 38 10
73 54 21
150 137 142
151 139 144
108 83 20
69 50 18
34 37 10
75 53 27
146 151 135
33 34 10
99 68 27
44 36 12
53 42 14
89 69 14
61 46 17
107 76 27
65 50 17
50 38 13
99 68 20
107 68 19
102 61 38
215 137 84
90 90 41
83 60 27
54 45 14
117 61 21
115 68 27
84 83 20
83 53 19
99 60 19
99 59 13
75 59 43
91 53 21
83 53 27
169 92 69
28 34 6
104 133 164
91 60 19
84 59 13
84 45 15
209 115 80
181 107 72
34 36 7
34 30 13
152 107 24
58 46 17
107 75 20
62 49 17
183 118 40
37 34 10
67 45 13
131 77 55
105 75 13
203 132 72
23 25 8
66 46 19
39 30 10
214 123 72
107 69 35
234 122 78
58 44 20
109 60 42
89 59 41
41 53 11
104 57 25
99 61 27
232 168 100
123 84 35
245 153 87
73 45 11
228 156 83
131 92 43
91 61 36
217 111 89
107 69 44
20 27 7
237 151 99
74 84 41
135 134 89
167 105 71
199 154 100
151 103 57
115 68 19
74 83 23
83 98 45
118 75 56
68 75 19
107 68 27
115 107 19
131 92 51
166 106 55
123 69 27
180 181 136
220 155 83
55 69 24
139 138 100
135 87 57
218 163 89
88 91 22
125 130 84
70 46 24
115 76 51
123 68 19
107 61 19
153 117 12
184 150 89
69 74 28
102 54 11
60 67 13
167 153 102
168 148 90
67 75 13
170 163 107
99 68 43
124 83 51
149 91 57
76 83 19
139 92 43
123 84 43
115 76 35
60 67 19
247 169 100
73 83 14
92 98 19
56 68 13
184 121 72
210 178 113
139 148 113
199 185 131
184 165 105
115 76 44
73 50 6
123 76 27
150 167 142
151 151 103
174 178 123
168 168 117
123 76 51
134 84 43
182 171 117
157 162 110
123 83 27
124 91 20
120 72 39
131 91 27
188 194 137
115 76 27
147 141 87
129 59 33
139 91 27
131 68 19
134 76 35
116 83 20
119 55 10
148 99 27
132 91 20
116 75 20
91 59 13
79 31 19
109 45 14
137 69 22
145 132 49
140 99 28
155 99 27
148 77 35
131 84 27
124 83 20
122 84 13
100 67 13
138 101 12
168 107 23
153 102 12
148 99 20
140 91 20
137 91 12
167 105 39
148 91 20
91 53 12
163 92 27
145 59 13
140 84 35
174 92 44
123 76 20
153 90 38
154 69 9
147 99 35
139 92 35
182 106 55
198 122 55
147 91 27
147 84 34
211 140 68
116 75 13
166 91 36
163 99 27
183 121 56
196 132 59
200 133 41
131 84 35
155 102 38
200 135 57
200 149 56
216 149 59
147 92 35
215 136 56
184 118 22
220 155 76
216 134 40
168 118 12
205 149 14
211 165 58
214 166 10
88 53 7
184 134 12
131 76 27
132 83 20
139 76 27
139 84 27
149 73 23
153 138 55
204 139 68
131 76 20
155 84 27
155 76 19
147 84 27
166 84 27
147 76 19
155 91 27
147 68 12
166 76 19
171 76 12
107 67 13
139 68 12
107 60 13
139 76 19
181 76 18
179 92 19
182 87 21
171 93 26
116 67 13
147 84 19
187 92 18
183 105 38
172 99 27
198 122 71
199 92 39
187 99 19
124 75 13
198 106 37
140 83 20
156 91 20
148 83 13
179 84 12
155 84 19
115 60 12
195 100 19
179 99 19
164 91 20
156 83 13
163 84 19
120 70 7
163 91 12
156 91 12
123 61 12
171 91 19
227 155 76
171 99 20
171 84 19
183 104 27
149 90 11
164 83 12
164 99 20
140 75 13
167 88 6
163 76 12
156 99 20
155 76 12
147 76 12
171 84 12
172 91 12
140 83 12
132 75 13
204 107 12
132 83 12
196 99 12
187 99 12
138 70 7
199 118 22
124 67 13
180 92 12
195 92 12
211 99 12
228 107 11
181 106 11
216 135 11
211 140 75
187 84 12
203 92 12
188 91 12
204 99 12
188 107 12
195 132 68
227 148 76
134 61 10
167 70 9
196 107 19
212 115 12
196 107 12
187 107 19
200 118 12
219 148 76
202 85 9
219 100 11
201 104 22
195 84 11
220 115 12
169 150 56
215 150 86
180 99 13
168 102 12
179 107 19
232 150 87
200 150 87
219 107 12
216 103 6
184 161 90
200 166 103
212 147 75
185 166 68
216 136 72
198 90 19
211 92 11
200 102 7
184 163 60
231 89 9
212 82 14
215 122 54
199 75 9
201 132 21
216 134 22
208 107 45
216 88 10
216 123 11
214 105 20
230 137 56
199 119 39
233 151 71
184 180 122
211 107 12
236 163 84
215 121 39
232 164 74
247 151 56
230 122 39
231 148 57
232 103 10
215 119 22
230 105 20
199 182 120
235 156 83
230 138 73
231 135 40
245 105 9
231 119 10
232 135 10
217 164 72
245 138 55
246 137 39
233 149 39
204 197 135
236 119 46
231 119 22
245 120 21
215 150 69
248 167 74
203 170 79
233 180 106
232 166 88
245 138 73
247 151 39
245 136 22
245 106 21
247 168 87
250 182 101
233 181 80
245 152 73
246 135 9
255 200 101
247 207 116
252 182 88
245 138 86
249 168 52
231 135 22
182 153 56
252 182 74
246 151 23
254 198 88
241 215 116
233 150 22
253 203 82
246 199 16
255 214 102
242 175 15
246 167 9
232 167 8
216 150 10
185 118 12
200 135 11
246 150 10
131 68 12
232 150 10
245 89 8
246 119 9
184 87 6
183 75 10
234 79 11
207 59 10
171 58 10
