255 255 255
231 233 183
139 147 74
214 216 153
187 196 121
203 212 136
198 200 137
134 138 73
164 168 90
247 250 170
249 249 185
241 238 170
212 216 138
254 254 196
230 232 169
255 255 229
254 254 204
235 244 148
219 228 151
220 227 167
236 243 184
251 255 253
247 246 198
250 255 236
236 244 199
255 255 237
204 211 151
186 197 106
155 163 90
139 140 84
148 155 100
183 184 135
255 255 241
196 201 120
150 153 88
255 255 233
255 255 253
171 180 120
167 168 119
199 200 150
255 255 226
255 255 214
181 184 120
255 255 246
255 255 249
180 185 105
228 232 153
201 213 168
165 152 121
116 107 84
121 110 94
137 126 106
139 131 100
108 99 76
113 102 90
132 123 92
201 201 166
218 227 182
184 197 153
181 169 121
156 163 116
185 183 150
139 139 108
147 148 107
174 194 167
198 215 183
156 178 168
234 250 233
184 206 178
204 217 200
155 171 155
214 233 204
156 178 138
181 200 168
243 254 232
185 208 155
166 184 166
164 185 185
157 177 151
134 153 137
142 161 148
139 156 154
140 155 139
155 172 163
147 164 156
142 161 155
131 147 140
149 169 166
147 164 148
134 153 148
163 180 156
126 145 136
167 185 152
139 155 148
154 172 148
142 162 138
151 168 152
203 227 179
172 194 154
132 147 133
124 138 125
137 149 121
123 138 117
117 130 116
121 134 103
153 165 120
156 163 107
153 164 103
136 147 88
131 139 99
132 139 107
122 125 109
148 155 115
137 150 103
109 121 116
109 123 123
144 165 118
125 137 84
116 122 68
94 105 68
105 116 57
121 132 72
115 123 76
110 122 83
106 119 72
91 103 57
86 97 60
100 107 60
84 91 53
85 94 62
77 89 52
91 99 43
99 107 68
108 115 68
92 99 60
92 98 52
104 106 53
123 124 68
91 92 52
108 107 84
108 115 91
91 99 67
68 75 45
83 83 44
102 103 43
148 152 75
122 131 58
112 114 43
131 132 76
147 147 91
146 137 74
147 148 99
122 116 69
115 115 68
102 89 42
117 119 59
106 101 60
88 88 42
99 99 52
166 168 105
108 114 61
132 140 84
131 121 74
232 233 197
170 179 105
254 253 210
212 201 138
255 255 218
253 252 227
163 155 132
182 171 148
123 124 91
115 108 76
169 167 134
147 139 108
107 108 75
115 116 76
131 132 99
131 139 91
123 124 84
131 132 91
164 164 148
209 203 181
211 244 237
182 200 182
250 255 245
151 198 169
131 140 131
142 150 134
140 154 133
118 143 116
117 130 123
150 166 138
102 137 133
113 140 88
123 131 76
102 114 76
79 100 53
74 83 40
99 100 60
71 70 27
134 138 59
155 164 73
201 176 120
180 170 106
81 81 24
116 105 59
107 108 60
215 216 167
124 106 69
139 147 92
99 92 60
107 108 68
217 217 181
125 117 98
142 133 114
140 147 107
141 166 170
139 147 99
139 140 100
150 157 141
116 124 91
169 180 135
76 83 45
70 81 52
139 140 92
123 131 83
171 179 87
123 124 76
165 152 106
188 196 136
218 229 136
132 123 99
245 238 213
82 76 44
108 90 61
109 102 86
114 108 68
123 115 84
146 157 153
163 187 194
108 160 140
139 158 161
134 150 149
131 139 116
119 137 132
106 119 102
203 212 118
228 217 168
197 185 137
255 255 222
130 118 101
138 124 100
100 93 74
91 84 52
182 169 136
90 89 74
131 115 92
155 156 108
131 132 84
146 172 180
157 161 141
139 146 131
123 132 124
100 108 83
94 105 75
76 83 52
108 116 83
153 162 63
59 66 27
213 184 138
155 152 102
254 250 218
107 100 68
91 92 68
101 94 78
123 108 91
123 114 93
145 133 115
139 131 108
91 82 60
153 152 118
244 255 251
126 145 146
132 148 147
155 162 147
132 138 124
147 154 139
116 124 99
148 155 108
104 116 88
115 123 83
100 108 75
86 97 67
183 197 90
75 76 44
138 132 89
149 136 90
145 141 126
158 157 138
155 148 123
97 85 74
249 228 200
68 58 27
149 141 122
150 145 126
216 199 166
148 156 146
141 146 134
115 123 116
120 132 89
83 91 60
73 72 36
213 201 152
232 215 183
129 121 102
139 148 139
178 201 198
142 149 136
174 179 165
168 168 152
115 125 122
236 209 151
249 247 215
137 122 88
115 116 83
99 100 67
125 141 142
129 145 146
136 151 150
130 142 139
131 114 85
252 230 185
198 185 151
200 185 164
101 97 82
83 75 52
255 243 204
148 139 117
157 184 193
121 137 138
146 153 137
124 138 132
139 140 130
82 84 59
83 84 52
78 89 60
124 131 91
151 136 102
124 123 100
121 105 86
130 118 106
145 137 118
123 134 130
124 132 99
76 83 59
107 115 75
91 92 60
155 154 133
162 161 142
133 122 102
97 90 74
118 109 94
116 98 69
133 137 132
147 148 139
124 130 116
155 179 187
115 115 92
106 93 78
152 139 120
116 99 76
235 220 196
146 153 133
124 131 107
122 125 113
100 88 53
132 130 109
99 90 69
142 134 117
130 126 109
108 91 68
100 83 61
146 146 125
151 174 182
142 141 126
61 73 45
75 76 52
122 116 76
129 142 146
107 101 81
126 121 106
117 113 98
86 82 70
122 113 98
83 83 66
101 89 74
153 178 183
125 139 139
107 115 109
116 130 131
67 67 44
70 82 59
84 92 67
123 138 142
138 129 110
105 98 82
138 133 117
93 86 74
99 100 75
105 118 122
101 113 108
86 97 75
67 67 36
121 121 106
124 106 77
114 106 90
118 117 102
155 142 129
107 108 92
157 158 145
133 125 106
149 149 133
112 126 129
107 117 115
102 114 114
92 100 75
52 58 36
92 91 74
149 149 131
129 122 105
154 149 130
125 125 110
145 150 137
68 76 52
105 101 89
85 77 66
122 117 102
75 68 52
114 113 98
133 133 118
107 116 100
81 111 81
132 130 117
123 118 109
86 78 70
91 84 68
130 123 108
81 70 57
110 105 90
140 138 117
116 122 108
125 140 145
81 114 107
255 235 196
132 132 122
121 114 102
82 78 66
116 107 92
105 101 86
84 91 75
105 106 101
72 83 70
153 153 137
110 97 82
78 74 62
70 69 58
78 69 58
119 134 138
149 154 141
78 89 66
73 62 53
81 73 62
84 75 59
101 97 85
93 93 78
121 135 139
120 134 145
115 118 113
100 108 107
101 110 113
118 133 134
60 68 51
57 56 26
107 109 106
114 114 101
89 81 70
114 109 94
90 85 73
134 130 113
117 132 138
60 67 44
75 76 59
62 74 52
150 150 137
94 82 73
77 70 62
123 116 100
101 110 109
66 62 50
181 150 106
146 146 133
138 137 122
90 82 74
68 67 52
86 74 65
85 74 61
105 98 85
118 113 102
130 129 114
141 137 121
122 123 118
59 59 43
146 132 108
105 82 58
177 146 133
161 161 145
90 78 69
90 77 66
125 126 113
110 113 105
99 107 91
66 51 37
83 61 44
99 77 67
200 170 149
231 201 180
130 116 98
114 101 86
97 93 78
129 126 114
142 142 129
118 117 105
116 117 100
89 60 53
91 69 59
85 70 62
106 85 68
255 220 187
150 120 89
200 166 138
94 90 77
74 65 55
110 98 85
86 85 74
102 97 89
90 89 78
122 121 109
111 112 97
100 101 84
94 106 106
94 105 100
60 67 37
83 66 45
74 59 45
105 93 82
98 86 77
92 74 53
252 219 195
215 172 148
255 211 180
158 157 141
154 154 141
140 139 125
70 61 50
98 90 82
102 94 82
114 110 102
146 142 130
123 124 115
126 118 105
110 110 97
83 84 77
59 59 36
67 52 43
83 67 58
100 84 74
108 97 91
114 106 94
91 75 60
168 152 133
216 181 154
167 137 117
199 155 133
81 70 61
113 106 97
107 108 101
73 78 67
86 85 70
76 83 67
89 101 88
92 99 84
145 150 134
255 244 211
59 51 37
110 102 94
117 109 97
122 110 100
117 110 101
116 106 99
94 81 69
167 134 105
131 100 75
150 122 102
252 216 184
254 228 195
97 97 93
78 77 66
77 66 57
93 93 82
105 98 90
106 101 93
103 104 94
110 113 102
97 97 82
78 66 54
120 115 104
101 89 78
86 71 69
99 83 68
135 85 58
185 134 105
232 182 153
155 156 140
157 153 134
109 101 89
98 93 85
106 109 97
97 97 86
146 145 129
85 90 83
59 44 36
121 111 98
122 117 106
116 108 103
91 76 67
135 103 86
119 87 59
135 90 69
183 140 117
109 105 93
97 90 77
82 81 70
100 99 91
115 115 107
94 97 89
70 77 65
137 125 114
255 236 203
123 93 68
149 104 74
231 188 163
114 109 97
97 93 81
110 110 102
77 82 74
67 59 36
157 154 137
75 54 37
102 90 81
125 117 101
131 109 84
118 73 56
86 55 41
134 74 41
184 149 121
250 204 179
110 105 97
75 67 45
65 53 45
122 101 83
147 117 81
107 83 54
150 107 85
236 179 142
164 186 193
88 71 41
61 49 41
83 67 52
104 69 42
137 79 51
147 115 77
215 153 119
249 198 167
133 125 109
105 106 94
69 65 57
68 58 53
99 75 53
66 57 46
83 61 51
115 101 91
115 92 67
217 185 164
131 101 68
119 69 42
145 90 71
168 117 89
216 165 137
81 71 65
74 62 56
100 106 100
66 70 62
74 73 62
107 84 60
200 149 121
97 90 85
78 67 60
117 106 90
149 154 138
152 119 73
75 60 51
101 91 85
107 93 83
123 88 72
103 58 39
181 125 101
244 189 163
254 203 172
90 85 77
73 69 61
67 60 44
74 70 58
174 137 89
184 154 134
233 197 169
108 52 21
125 122 109
74 65 61
94 86 78
118 75 66
163 158 145
125 122 113
101 102 90
72 62 57
70 62 53
98 105 105
90 93 85
82 82 78
51 51 29
62 58 46
136 104 71
167 123 101
138 116 100
138 134 122
84 76 75
98 102 105
92 102 105
68 76 58
102 94 86
143 106 58
81 74 65
99 77 59
134 122 105
145 138 121
91 100 99
84 100 105
106 85 62
102 60 52
140 115 83
112 78 26
103 72 56
154 150 137
67 55 49
254 213 170
115 91 61
102 81 57
166 105 71
252 197 155
65 69 58
66 73 61
125 114 98
116 58 48
132 107 75
66 57 50
141 130 110
73 66 58
153 146 126
138 130 113
72 61 54
77 73 65
57 49 42
98 101 93
61 53 46
62 54 50
61 50 45
91 68 51
173 113 77
141 113 77
65 54 49
66 58 53
60 53 42
212 157 132
101 105 101
106 106 97
61 65 54
67 54 51
74 73 69
101 102 98
89 86 81
93 90 85
162 157 140
53 58 44
123 99 68
97 101 98
61 72 58
68 57 50
139 131 115
90 91 85
90 90 82
86 81 73
86 86 82
71 59 53
219 164 122
204 147 109
124 107 84
86 85 77
100 100 99
91 82 77
90 78 74
74 70 66
81 81 74
94 98 94
83 92 93
85 74 69
58 50 45
106 92 87
139 133 123
93 94 86
85 77 73
66 62 57
58 59 50
66 66 61
78 78 73
91 99 92
75 62 59
139 126 108
94 89 81
82 78 69
66 65 58
77 77 70
92 93 91
94 101 101
86 97 99
135 112 101
81 78 73
70 69 62
61 45 42
108 91 75
131 126 115
99 94 89
86 44 20
76 68 67
70 66 62
74 73 66
150 90 57
130 109 90
77 74 69
70 61 57
82 70 68
183 121 87
81 73 70
69 60 55
81 73 73
73 54 51
66 61 54
62 57 53
53 54 49
61 61 54
69 74 62
76 75 75
62 57 50
62 66 57
106 102 97
94 98 97
97 98 89
123 100 75
114 93 75
153 147 129
76 84 83
116 99 83
75 86 85
122 101 90
107 85 75
69 75 67
97 102 101
68 45 37
229 166 124
114 85 67
114 93 82
54 67 42
101 102 93
91 84 83
97 86 81
56 40 25
199 137 103
231 170 135
115 85 75
57 45 37
70 62 62
62 68 58
83 84 82
61 60 57
98 95 96
82 87 91
67 60 59
60 53 51
75 53 43
247 185 152
84 93 97
57 55 58
76 77 81
54 49 45
73 65 66
53 47 45
71 62 65
53 50 49
77 27 8
75 70 73
69 68 67
90 94 99
60 61 65
74 70 70
50 46 45
69 71 74
163 93 56
63 66 58
209 139 100
87 43 37
121 92 84
77 70 70
57 46 41
49 45 10
103 76 70
51 52 50
50 45 38
78 90 98
78 89 93
52 36 28
71 40 26
57 46 44
51 30 23
43 47 50
93 86 81
57 38 33
53 42 41
48 25 11
53 38 35
49 38 37
49 43 41
48 34 30
46 34 32
45 37 34
49 35 33
45 31 29
45 43 42
53 42 38
53 41 34
42 34 33
148 141 125
54 45 42
39 40 40
45 50 28
233 154 132
75 85 90
155 149 132
42 38 37
43 43 29
54 49 42
210 111 87
58 62 54
50 37 30
46 39 37
58 53 49
50 44 29
51 43 34
59 74 73
50 45 42
46 41 34
49 41 38
58 53 46
46 41 37
142 169 178
161 211 206
44 43 36
171 89 72
53 45 37
49 45 34
46 50 35
149 145 129
44 36 28
149 146 133
135 179 184
49 37 34
42 33 30
42 37 33
42 74 53
43 29 26
38 25 21
38 30 29
39 39 22
52 51 36
46 52 40
51 51 44
36 27 26
37 29 26
51 109 90
42 30 29
34 26 26
30 20 14
28 22 21
54 58 50
139 109 75
46 33 30
38 33 29
93 142 103
35 28 25
37 35 35
37 36 27
28 26 26
31 35 33
27 24 22
162 67 48
216 227 119
