6 35 4
2 37 1
2 34 1
6 37 1
6 42 1
10 37 1
9 41 1
14 41 1
18 45 1
14 45 1
17 41 1
17 38 1
21 37 1
21 34 1
25 34 1
29 38 1
25 38 1
28 35 3
18 34 1
13 34 1
14 37 1
17 49 1
18 53 1
18 57 1
18 62 0
21 61 0
21 65 1
30 70 1
30 73 1
35 84 1
36 92 1
37 99 2
44 100 1
52 99 1
44 108 1
51 108 1
37 106 1
42 109 1
37 110 1
34 106 1
30 109 1
28 108 3
29 106 1
33 102 1
26 105 1
27 101 2
37 102 1
33 110 1
30 102 1
34 113 1
38 117 1
42 121 1
51 122 0
59 116 1
59 123 3
70 120 4
83 117 3
75 110 1
81 111 1
73 104 0
58 99 1
68 105 3
41 111 0
45 118 1
45 122 1
49 126 1
45 130 3
50 116 1
27 83 1
22 83 1
27 91 1
29 94 1
33 98 1
39 108 1
46 113 1
58 107 2
76 117 2
85 114 0
84 108 2
86 106 2
88 101 6
77 98 1
83 92 2
71 87 11
70 72 11
54 71 11
43 67 2
43 60 2
30 50 1
21 46 0
9 46 1
6 45 1
3 42 1
26 57 22
41 69 39
78 77 82
90 99 87
121 118 118
138 133 136
157 147 162
171 156 171
187 172 187
190 182 197
199 189 200
207 197 209
212 204 219
214 210 220
220 211 226
222 214 225
6 33 1
20 36 5
26 69 1
26 73 1
33 73 1
33 77 1
28 115 1
35 108 5
87 119 6
84 112 4
74 106 1
75 100 2
41 114 1
42 117 1
49 122 1
52 131 3
46 125 1
52 124 4
22 90 1
30 98 1
83 103 1
84 99 4
75 93 3
86 89 25
59 83 2
51 67 2
37 62 1
33 58 1
25 49 1
10 49 1
43 52 37
55 72 53
73 86 69
106 102 103
152 136 152
181 170 179
189 177 186
197 186 202
205 195 210
210 200 211
214 206 217
220 215 232
222 214 229
12 43 5
25 42 1
29 41 1
27 28 3
28 35 11
21 42 1
22 58 0
25 65 1
37 114 1
85 115 3
78 97 1
46 93 1
91 108 2
70 85 23
59 75 3
51 75 2
37 58 2
60 83 57
90 87 85
107 115 109
168 157 181
173 174 176
202 192 203
225 218 229
17 30 1
22 49 1
22 53 1
22 62 0
35 116 3
82 109 2
77 105 1
67 91 2
44 124 4
12 81 2
82 100 0
62 85 0
33 53 1
15 51 9
61 66 66
140 141 142
169 169 168
188 173 195
210 202 213
218 205 221
226 218 234
225 217 226
25 45 1
33 29 20
27 36 18
25 62 0
29 66 1
29 77 2
43 91 1
26 98 0
86 111 74
138 149 118
83 111 46
41 86 11
43 116 5
51 85 1
22 77 1
90 105 1
55 84 23
25 53 1
13 50 1
140 123 139
179 164 187
210 198 213
227 221 233
228 220 236
1 32 1
33 29 7
35 35 11
27 43 10
28 43 5
33 49 1
158 172 172
230 225 238
204 201 211
188 200 196
147 168 146
116 141 111
51 110 43
43 86 20
89 106 1
59 91 1
51 91 1
68 84 2
125 113 130
156 140 163
181 179 179
229 222 237
229 222 234
1 31 0
20 27 2
36 44 11
36 52 10
29 52 5
26 58 0
213 193 210
214 186 205
218 198 217
229 217 234
238 233 246
171 183 199
89 135 81
71 105 22
72 91 1
62 86 1
45 84 0
190 178 194
222 218 229
28 27 11
35 35 20
40 42 22
43 51 12
36 58 11
29 54 1
45 92 2
28 92 9
74 118 22
223 221 246
195 180 197
210 182 201
205 166 194
202 171 188
187 162 173
203 173 195
206 185 201
206 190 205
217 194 213
221 198 218
230 214 233
243 231 235
243 229 249
249 233 254
232 218 241
126 147 135
86 104 1
53 81 1
48 83 0
25 78 1
78 106 0
55 69 24
23 54 11
185 171 195
217 210 221
230 226 241
233 226 241
2 28 0
5 30 1
9 30 1
9 34 1
11 36 5
20 43 5
43 51 20
42 53 25
30 57 0
30 61 1
36 77 3
46 86 1
37 122 2
183 195 178
220 227 232
221 205 225
194 180 202
197 174 193
198 153 181
196 156 171
204 123 164
204 148 180
205 156 186
212 179 202
210 189 206
221 193 214
226 213 230
238 234 249
237 230 249
229 234 247
230 228 242
243 227 244
236 221 241
221 217 221
201 198 200
74 89 1
43 83 2
18 75 1
100 104 6
85 88 6
11 52 1
6 50 0
233 226 238
234 229 242
0 25 0
5 26 0
23 24 10
34 29 28
29 32 33
43 43 27
43 59 19
22 69 1
155 165 135
194 178 193
196 164 179
184 156 179
180 164 178
198 118 155
204 139 173
205 139 178
199 166 184
201 120 164
203 164 188
211 162 190
202 181 198
204 186 197
196 178 189
193 181 190
189 174 185
195 185 195
244 236 251
238 242 245
122 135 71
75 83 1
68 74 1
49 81 2
44 59 11
33 61 1
14 53 1
226 221 230
235 230 245
37 34 28
59 84 36
218 201 217
218 186 205
203 179 197
193 178 190
197 135 168
186 119 155
185 123 161
200 104 151
185 137 166
187 165 179
195 170 181
200 188 200
204 194 202
214 212 214
218 213 221
237 230 242
237 230 245
2 26 1
13 29 1
19 20 3
28 26 20
50 44 26
51 52 28
27 60 5
218 202 226
200 166 169
204 132 171
185 153 168
187 89 136
197 150 167
202 111 141
185 168 186
205 194 206
68 68 1
13 26 1
10 25 0
42 36 36
51 45 36
52 51 35
52 59 27
37 73 1
43 75 1
197 185 194
204 156 180
184 136 152
211 124 170
214 119 168
215 108 164
198 186 197
194 182 193
171 156 164
98 92 59
85 73 4
75 75 2
241 234 249
9 22 1
30 45 1
25 21 20
53 121 10
203 193 204
178 114 141
202 85 135
212 103 154
226 149 188
211 147 181
212 149 186
221 165 202
212 164 194
213 173 201
212 171 197
217 186 206
208 198 209
220 211 213
220 211 220
214 209 217
154 151 136
59 60 2
36 51 3
241 234 246
12 20 1
33 46 1
33 65 1
21 19 11
41 38 36
33 69 1
57 104 11
179 156 171
194 138 150
218 155 190
218 133 179
226 163 198
212 156 188
219 163 196
220 172 202
217 190 209
214 190 209
216 199 199
218 203 213
217 205 218
217 209 218
212 203 211
213 205 214
229 225 229
70 71 25
83 75 2
60 66 1
52 59 1
72 70 55
6 22 1
5 18 0
37 66 1
52 44 43
59 52 43
55 53 40
198 188 198
174 162 171
166 141 164
172 157 179
211 131 173
212 140 178
212 149 172
219 148 187
226 156 196
219 171 198
226 171 204
227 180 211
225 178 206
226 187 213
219 195 211
226 211 221
209 201 210
209 199 210
165 152 139
44 51 1
238 233 242
241 237 250
11 28 4
33 42 1
43 69 21
39 72 11
34 67 5
59 59 36
210 194 209
179 164 172
215 135 172
220 157 194
213 151 181
227 165 202
230 183 200
220 188 211
225 201 222
213 202 213
230 226 234
234 229 236
242 236 243
2 21 1
1 17 0
30 26 27
55 57 22
56 86 11
225 194 214
226 198 221
211 202 205
210 195 206
206 197 206
133 120 104
68 61 3
75 69 1
2 19 5
5 12 1
35 36 2
58 70 38
37 69 1
87 87 40
149 149 123
219 179 204
214 184 197
228 188 218
222 202 221
1 13 0
60 58 43
35 29 34
52 42 51
88 51 46
60 53 54
168 151 165
217 166 187
244 242 246
89 86 71
69 59 25
56 56 9
186 174 182
237 233 237
68 60 50
71 70 39
11 24 10
44 36 43
76 75 43
166 137 154
214 198 184
217 197 214
200 196 186
51 52 2
228 220 228
72 85 55
44 44 11
166 152 153
156 149 152
218 139 180
211 178 198
213 182 201
237 235 244
138 134 120
38 45 1
55 83 0
164 148 170
202 190 202
0 21 0
70 59 57
75 69 70
25 22 25
69 57 40
213 147 195
209 185 202
222 181 209
214 197 213
50 45 5
43 44 2
56 44 55
85 73 71
67 60 45
184 185 185
209 197 209
241 237 245
169 165 152
0 22 1
85 63 71
213 117 173
222 217 226
36 43 3
21 59 5
190 178 189
198 182 197
221 214 222
226 219 221
242 221 241
71 58 70
87 73 85
216 136 183
208 84 144
212 184 185
88 87 56
42 38 5
236 218 230
195 173 187
217 153 194
103 102 56
19 69 2
233 221 238
84 73 40
19 52 5
212 187 204
132 118 121
205 189 202
201 189 198
202 187 202
104 100 70
149 136 137
225 205 225
227 211 228
4 28 4
173 162 164
185 182 150
100 92 67
201 185 198
22 18 19
85 74 56
205 182 201
105 100 88
164 148 163
208 203 174
200 183 186
227 203 221
229 216 216
235 211 229
214 202 217
82 76 43
122 116 105
35 26 39
169 134 135
197 182 194
13 76 0
2 30 1
84 83 44
232 202 217
242 218 237
17 14 2
86 74 25
150 120 134
22 102 2
92 90 52
109 98 75
244 220 243
177 111 113
114 100 84
118 104 91
118 102 104
197 178 194
17 14 12
114 112 81
227 196 219
241 214 237
118 137 56
101 89 19
121 119 72
150 138 120
187 171 180
120 152 55
134 154 71
19 13 18
73 85 40
109 116 48
140 117 83
237 228 217
101 136 25
143 169 47
88 137 39
89 103 25
137 136 102
236 209 205
121 167 40
117 155 23
154 172 42
81 41 17
133 135 90
150 144 104
173 143 116
184 151 152
246 213 234
117 166 22
102 154 7
118 144 18
136 167 56
118 153 40
11 11 2
11 8 6
228 114 174
88 150 8
91 156 2
83 148 3
104 135 40
18 6 11
6 6 1
100 73 56
115 86 74
148 104 121
75 148 2
68 147 2
67 140 3
104 153 22
118 135 38
5 3 0
115 74 73
233 229 230
60 139 3
53 138 3
59 132 3
76 155 1
85 137 5
102 136 7
137 151 50
134 101 107
185 182 136
39 107 10
182 167 168
60 146 2
57 112 21
69 154 2
0 1 0
1 6 0
176 169 143
230 123 183
213 198 217
117 142 81
59 149 6
75 140 3
109 116 16
122 88 101
189 179 186
76 163 2
233 136 195
231 151 200
213 195 212
83 156 1
74 151 11
134 149 21
187 178 181
90 171 12
92 163 2
55 15 17
114 91 113
227 134 187
68 147 10
57 134 10
99 163 2
88 121 22
72 137 8
144 175 78
42 135 5
26 128 3
136 119 135
139 149 104
143 145 80
58 132 18
66 132 3
115 164 11
232 167 203
88 135 24
1 10 0
230 177 179
184 181 171
16 111 4
74 144 20
213 213 205
228 172 210
221 195 218
236 226 245
212 189 210
240 152 206
234 171 212
235 166 213
236 212 234
242 229 246
169 168 82
43 119 10
88 152 20
221 203 220
219 189 217
18 65 1
213 180 210
28 69 10
102 88 87
245 226 246
242 166 226
232 182 214
242 226 245
15 41 17
104 89 102
228 198 225
237 226 242
235 200 242
235 195 221
134 166 72
221 191 226
202 156 173
235 203 228
229 203 226
244 168 216
244 177 196
236 181 218
236 187 220
203 163 180
244 240 255
104 164 39
105 151 40
235 196 226
228 212 233
236 205 234
232 202 234
22 74 1
237 189 225
83 163 1
244 179 221
198 175 147
89 168 5
114 170 50
236 219 236
242 202 228
13 67 1
243 211 236
246 242 254
13 59 1
106 165 22
149 170 108
238 236 250
244 204 234
244 212 241
250 220 245
250 221 249
27 68 5
249 226 246
245 233 250
245 238 254
243 188 226
242 238 253
246 234 253
211 109 80
229 87 40
229 116 89
238 206 179
242 187 221
199 182 168
214 177 168
244 242 251
233 113 45
205 21 3
230 54 4
233 79 10
251 212 242
241 194 221
249 242 254
249 238 254
213 49 7
209 83 77
203 112 117
251 228 251
247 244 254
249 229 250
211 80 47
181 7 1
203 52 37
212 78 11
209 113 45
245 219 155
122 165 69
233 88 7
231 149 143
241 111 8
237 143 77
251 235 253
243 196 227
127 169 88
251 245 252
249 246 254
246 136 9
204 139 143
197 77 116
231 175 146
196 163 172
246 250 252
245 230 249
138 170 85
108 144 54
122 165 56
215 146 114
241 146 12
225 135 169
251 250 253
213 142 77
238 177 47
170 44 47
247 184 24
248 196 234
249 204 237
195 148 155
206 62 129
185 149 139
226 105 148
248 201 45
249 181 7
200 197 151
175 173 111
237 147 46
248 198 15
246 208 73
247 170 7
103 120 6
196 55 108
106 48 52
176 96 81
199 48 83
91 85 52
104 86 46
120 134 8
182 42 88
224 162 111
110 51 72
185 134 137
184 51 104
172 145 84
172 44 82
100 86 57
102 73 72
14 40 10
209 211 144
166 28 72
229 183 4
232 153 4
117 74 88
1 26 0
221 182 3
230 168 6
104 76 85
244 215 105
106 91 68
137 84 82
182 84 109
210 110 7
238 174 80
233 177 117
117 87 88
153 32 35
253 228 59
103 88 73
219 168 3
135 90 105
143 87 110
143 43 77
150 56 100
235 176 23
143 25 50
150 25 71
137 104 119
150 115 117
214 136 6
181 168 120
215 143 49
218 167 46
217 148 16
221 167 26
115 28 68
143 37 54
177 54 21
85 20 43
112 23 48
249 205 241
157 94 45
113 23 19
72 20 22
72 22 37
60 14 32
132 115 131
142 117 140
94 87 99
120 104 118
0 28 0
248 184 227
104 166 7
111 177 17
85 114 5
