36 67 19
39 56 11
41 72 10
56 87 24
36 75 35
28 56 22
25 55 9
54 89 12
25 39 22
22 39 10
14 37 8
50 76 53
59 69 34
74 87 70
52 71 11
70 86 26
71 72 26
56 72 26
82 82 19
119 104 40
136 102 28
119 87 57
86 88 41
88 73 41
73 87 52
86 88 55
101 121 55
147 147 90
152 154 103
169 151 104
152 153 72
118 136 40
117 121 40
151 139 51
166 153 73
198 170 89
205 176 104
213 177 86
215 184 136
215 201 137
229 202 152
216 200 151
215 186 150
231 202 167
213 201 167
215 202 198
230 217 199
230 219 232
234 229 245
201 203 242
198 218 245
204 221 242
215 228 250
220 234 250
227 236 251
228 243 250
237 243 250
242 242 250
235 237 249
219 228 244
195 212 235
177 209 244
168 199 245
165 187 245
148 181 238
137 184 232
136 166 233
149 198 244
136 194 235
118 170 230
115 148 205
134 155 232
151 170 197
151 168 151
169 167 134
168 168 119
183 169 119
183 183 135
201 185 152
196 196 172
201 201 167
201 215 184
212 210 171
217 217 215
217 230 216
231 231 217
245 244 236
244 244 244
246 249 250
250 250 246
250 250 250
253 251 251
252 252 252
198 202 217
199 216 217
199 201 199
181 199 200
181 188 198
168 198 200
164 187 196
164 187 204
167 181 197
168 185 184
164 172 164
168 182 169
152 169 166
155 171 155
137 165 136
182 184 183
171 188 196
200 229 217
219 242 230
231 243 232
235 235 228
234 242 215
211 235 245
217 241 211
221 242 244
235 243 245
244 244 228
244 244 220
250 250 232
250 250 253
254 254 254
233 230 199
217 230 167
216 228 150
215 213 151
201 216 136
216 214 136
214 201 120
200 199 136
200 200 152
185 199 136
183 198 153
185 215 183
185 214 201
187 225 217
200 228 232
217 241 247
245 245 251
250 246 251
41 87 37
38 71 25
39 56 23
52 100 12
71 87 39
40 55 38
53 57 25
69 57 55
83 111 108
57 112 73
57 72 38
104 87 56
167 119 73
203 110 83
150 120 89
88 104 54
99 108 67
104 120 86
105 139 88
121 134 85
136 167 87
152 168 120
152 155 89
107 132 51
101 119 26
135 136 43
170 143 56
198 185 119
215 187 166
216 215 184
241 213 209
244 228 215
246 233 247
213 234 250
187 212 235
109 175 243
123 182 232
122 156 226
174 169 205
152 154 135
169 183 119
201 184 135
215 216 200
244 236 219
212 221 228
198 201 231
182 202 215
184 187 213
170 187 204
152 185 200
183 199 183
201 215 200
217 230 200
227 242 245
249 246 216
252 251 244
250 245 243
244 236 212
233 231 166
229 219 140
232 216 166
217 214 166
201 214 168
203 220 227
215 231 233
219 236 244
234 249 251
37 70 38
29 68 21
69 121 72
59 69 73
56 88 55
110 80 43
141 80 50
202 143 84
135 107 86
74 103 53
90 118 54
104 120 70
136 136 102
88 121 39
135 154 56
135 138 55
167 154 87
195 181 91
233 202 182
228 227 212
245 234 230
228 228 243
181 202 231
169 148 171
184 168 151
182 170 136
243 237 244
215 218 234
171 196 212
168 187 216
153 184 184
151 182 167
183 185 168
228 226 203
245 243 211
234 242 199
231 216 152
228 227 147
232 229 186
216 230 183
199 199 183
199 228 200
205 234 244
41 88 23
30 67 37
89 119 72
71 99 152
88 72 56
109 50 44
143 47 49
216 70 104
118 120 73
101 131 59
135 138 86
102 104 56
86 105 41
70 104 25
107 108 27
135 120 56
150 153 58
181 168 74
212 170 134
233 217 184
100 157 227
103 165 230
100 151 214
151 151 208
151 170 184
175 170 176
168 184 151
237 213 239
168 185 231
164 187 211
233 244 183
244 234 201
235 220 147
86 107 140
69 74 39
105 102 88
121 118 104
140 86 72
113 24 42
161 41 85
209 42 110
218 49 171
230 103 184
233 135 184
227 142 109
200 169 133
206 169 151
230 219 213
118 136 55
118 104 57
73 102 39
91 115 44
103 135 26
169 166 57
213 184 120
229 202 134
242 213 179
243 228 195
182 187 233
102 152 200
102 153 186
119 168 215
169 200 231
183 199 168
233 243 168
250 244 236
211 226 229
189 227 200
235 235 244
57 55 56
119 89 70
152 109 147
175 127 195
174 27 54
213 29 153
230 51 181
133 152 72
101 104 39
136 140 27
85 135 199
88 134 185
89 142 144
88 144 181
105 164 218
136 170 207
167 170 153
216 201 231
247 245 199
236 227 179
227 236 244
231 232 232
55 55 40
103 105 71
150 111 76
165 137 117
173 115 170
157 80 105
212 35 95
235 110 206
233 199 198
200 171 60
227 201 122
241 216 149
99 121 207
108 141 174
109 115 141
85 123 185
106 167 198
121 169 184
183 186 152
151 181 153
246 244 152
245 244 169
232 231 154
227 228 237
220 227 236
71 71 88
72 84 88
150 135 89
137 118 109
230 87 168
214 200 216
213 219 243
169 212 201
80 109 80
135 135 72
149 134 71
178 145 78
109 115 172
73 135 87
119 172 205
93 162 156
121 151 184
151 186 214
201 229 177
236 240 142
233 244 114
232 248 116
243 232 184
231 215 135
121 152 118
135 152 168
136 170 168
90 101 122
75 85 103
110 111 112
144 27 48
201 33 53
137 174 119
228 170 114
116 147 143
113 167 173
152 198 233
155 197 214
171 195 204
247 244 182
244 243 135
243 232 167
236 227 148
229 213 139
136 135 118
135 136 135
87 55 92
87 35 27
217 79 143
238 179 205
227 158 85
216 167 103
84 140 108
138 182 184
118 169 142
138 182 201
164 196 212
169 198 168
243 239 116
228 244 114
243 232 152
234 211 134
214 199 182
171 213 233
180 210 228
144 150 175
229 111 146
169 198 185
120 113 86
134 120 71
231 179 145
233 144 175
236 144 206
236 146 232
237 180 234
137 169 183
168 200 216
185 214 216
197 217 231
199 186 229
168 184 136
169 213 143
219 241 112
227 243 107
225 238 107
201 228 143
231 229 138
234 219 140
188 220 243
182 215 244
105 88 114
84 50 47
103 74 54
200 47 58
230 142 146
104 137 104
136 119 87
184 135 89
218 138 107
229 111 115
196 81 58
203 219 236
137 183 217
152 195 201
168 199 135
184 226 178
184 226 143
216 229 136
216 230 119
212 235 100
215 229 106
205 228 98
198 226 90
202 227 119
231 231 118
229 218 120
231 202 107
198 185 102
212 201 104
136 154 136
184 214 231
109 79 25
172 78 54
214 59 90
209 145 141
199 183 182
207 182 208
151 138 119
170 134 89
169 110 54
226 85 114
231 113 175
137 168 151
126 197 207
168 200 121
170 199 152
184 216 167
188 225 117
184 214 103
169 212 110
171 211 87
204 230 100
226 218 106
199 185 168
88 55 40
209 177 179
141 149 150
151 123 100
210 146 177
200 167 120
121 167 119
139 181 167
172 203 219
184 216 135
183 216 152
168 200 87
154 198 104
230 230 103
215 217 105
13 52 3
215 153 117
233 178 175
207 78 83
105 169 90
137 181 153
187 219 236
184 198 119
148 198 115
225 242 109
200 198 105
198 186 90
232 56 198
228 56 168
233 72 198
224 90 219
234 116 233
44 52 57
28 44 44
88 85 88
55 57 11
173 150 146
199 153 119
200 229 249
196 227 243
121 166 87
152 183 135
153 196 166
183 215 119
216 215 118
217 50 140
136 153 118
76 47 23
112 141 110
93 161 233
138 167 102
199 216 151
200 216 119
180 211 83
200 198 119
218 55 120
208 139 119
203 228 244
185 214 90
221 109 168
234 82 206
150 154 119
176 49 76
217 79 173
210 177 230
81 146 82
150 135 103
186 151 105
197 137 103
176 115 84
188 138 114
137 182 136
200 217 102
205 46 79
214 55 104
211 111 140
71 71 56
207 49 197
211 146 202
169 182 103
70 137 55
58 88 38
71 115 24
120 120 56
149 199 208
153 199 150
189 225 86
165 202 59
167 198 71
180 210 75
194 221 84
214 240 105
228 78 144
230 76 177
89 152 55
102 121 41
92 148 202
185 198 104
173 211 68
172 204 67
180 200 59
173 209 62
178 205 69
189 219 83
211 230 92
212 220 107
213 79 114
226 52 146
167 153 135
154 197 183
183 54 73
166 168 73
68 105 13
87 104 25
198 200 87
168 200 103
165 199 55
186 212 77
198 217 71
213 217 90
213 229 84
152 169 87
141 111 48
188 226 243
212 228 244
250 244 227
184 183 89
183 184 104
182 201 87
166 186 58
198 214 56
170 214 176
183 168 89
168 167 87
167 184 88
182 185 73
184 199 74
171 208 53
203 201 74
209 230 78
225 206 92
53 31 39
215 151 107
183 170 104
217 200 87
174 46 53
152 47 13
185 39 54
120 151 104
69 60 72
67 117 14
86 109 12
199 185 72
184 183 118
85 121 26
122 150 86
136 152 102
71 43 39
45 23 16
152 167 135
75 139 12
89 142 25
117 145 28
150 169 58
107 155 43
107 163 44
121 168 55
115 164 35
104 166 39
139 172 59
106 136 69
120 137 72
37 27 23
54 40 26
92 147 27
118 153 41
133 165 41
105 157 30
100 154 29
92 154 36
99 163 27
109 162 34
131 171 51
117 170 36
121 179 55
140 180 68
199 150 105
179 82 75
121 151 71
23 22 12
44 40 11
139 172 45
147 180 51
176 178 52
106 166 27
116 174 24
123 179 42
133 182 38
214 168 120
227 152 106
20 61 5
39 38 25
149 199 26
137 185 27
122 172 37
125 177 38
125 172 42
174 119 105
147 185 44
155 186 56
119 165 43
132 179 43
139 181 45
71 55 41
147 181 67
156 195 53
148 180 59
152 183 86
153 184 72
235 53 206
167 152 118
54 87 73
153 184 120
151 183 104
165 185 72
163 197 59
131 173 43
209 112 112
166 169 103
168 135 103
44 51 73
120 152 55
148 187 67
153 167 102
199 217 90
120 103 72
90 151 228
85 142 229
85 146 219
147 188 51
52 51 51
154 198 135
83 140 219
99 156 220
141 195 46
75 136 228
78 138 217
188 226 235
152 197 87
73 124 212
71 119 199
84 138 213
76 132 218
90 149 216
150 168 44
132 171 60
138 182 73
185 153 118
124 163 53
107 157 34
76 132 212
216 231 77
141 186 45
212 146 232
169 212 217
150 169 72
135 167 71
138 182 86
183 137 103
136 151 88
206 241 247
76 131 204
58 109 206
87 135 70
88 86 72
56 69 104
35 29 37
78 81 115
83 139 204
74 124 204
54 104 39
107 139 51
105 151 54
84 124 201
73 117 202
53 77 139
79 86 143
87 106 151
72 88 135
56 73 118
36 35 44
19 19 20
25 40 80
25 27 38
51 73 119
60 101 177
73 118 185
91 132 35
105 151 70
135 166 55
37 53 134
29 69 161
54 86 168
50 97 205
53 60 101
52 46 70
54 58 88
40 45 70
25 23 25
18 14 20
21 40 92
12 13 20
13 21 44
41 58 106
43 54 86
57 87 151
69 136 39
71 149 56
115 174 108
135 151 43
42 39 38
3 4 4
14 17 23
70 108 184
77 132 198
74 148 40
57 135 55
60 135 75
55 141 54
55 116 24
39 87 9
44 104 54
86 72 71
41 41 54
9 8 7
11 11 12
225 237 87
221 234 83
75 125 19
54 104 23
55 121 53
44 118 41
59 123 21
12 24 8
27 76 5
86 86 103
59 68 89
56 55 71
72 119 38
74 132 34
83 139 36
87 136 53
56 119 40
51 107 11
88 90 118
137 182 104
100 150 29
59 105 13
76 147 23
84 139 22
76 139 20
68 131 20
68 131 28
76 123 28
102 90 102
103 151 25
87 151 9
60 116 19
87 151 24
60 115 13
77 131 20
61 124 26
89 149 38
121 181 79
122 166 70
102 150 40
73 136 27
134 105 72
35 92 27
103 135 56
99 140 36
87 134 25
107 85 84
91 173 104
69 120 54
70 104 168
120 196 109
42 105 38
88 136 39
103 135 41
88 166 76
104 166 72
69 123 18
58 131 14
67 125 27
142 201 173
89 165 56
86 165 50
43 118 52
44 115 23
142 203 145
105 177 47
139 196 81
87 153 70
29 85 21
104 166 53
98 150 29
54 118 12
148 187 60
85 139 25
138 181 54
54 42 39
40 103 24
187 212 83
180 205 75
58 134 40
100 155 35
70 134 70
189 222 70
184 216 59
206 230 94
75 140 35
190 226 38
180 219 25
170 213 26
164 204 41
151 196 55
171 211 39
29 82 45
43 101 11
59 133 26
210 234 43
189 226 21
169 209 25
153 197 39
102 167 10
81 133 22
103 87 71
219 234 78
211 238 22
181 217 39
227 244 36
197 228 39
40 103 10
92 162 22
200 231 25
35 92 5
55 104 55
195 222 68
43 116 11
36 99 6
227 240 87
35 92 11
203 227 74
85 114 168
24 70 7
28 84 7
185 214 69
197 226 74
194 226 73
171 205 60
71 72 103
30 102 6
178 212 61
44 43 44
156 195 57
20 12 9
84 72 86
54 44 52
36 35 36
154 198 71
181 217 67
71 74 119
70 70 72
59 138 98
209 228 99
212 231 73
73 59 83
205 233 84
90 89 157
188 220 74
213 230 76
202 226 90
190 224 71
179 213 67
203 227 92
197 226 83
212 234 91
194 222 75
195 227 77
198 229 77
190 225 74
186 219 69
220 238 106
202 230 93
209 232 96
210 233 98
204 232 92
221 241 107
210 234 85
195 225 70
230 249 109
201 229 78
205 231 85
219 236 100
202 228 72
206 230 77
203 230 82
213 237 101
221 241 101
224 242 103
218 236 92
